Year	Labels	'Situk'	'Alsek'	'Taku'	'Stikine'	'Chilkat'	'Ksalmon'	'Andrew'	'Unuk'	'Chickamin'	'Blossom'	'Keta'	'Yakuon'	'Nass'	'Skeena'	'Kitsumkalum'	'Wannock'	'ChuckKill'	'WCVI'	'Marble'	'Burman'	'Tahsis'	'Artlish'	'Kaouk'	'Tahsish'	'Cowichan'	'Nanaimo'	'FraserSp13'	'FraserSp12'	'Nicola12'	'FraserSum13'	'FraserSum03'	'Shuswap04'	'Harrison'	'SkagitSp'	'SkagitSF'	'Stillaguamish'	'Snohomish'	'Green'	'NooksackSp'	'LkWash'	'Hoko'	'QuillSum'	'QuillFall'	'HohSpSum'	'HohFall'	'QueetsSpSum'	'QueetsFa'	'GraysHbrSpr'	'GraysHbrFall'	'ColRUpSpr'	'ColRSum'	'ColRURB'	'Coweeman'	'Lewis'	'Deschutes'	'Nehalem'	'Siletz'	'Siuslaw'	'Umpqua'	'Coquillle'
1975	75	NA	NA	12920	7571	NA	64	507	NA	370	565	611	1500	NA	20319	NA	3000	150	NA	400	200	75	25	75	25	NA	NA	8184	7179	NA	16875	26875	NA	NA	NA	11320	1198	4485	3394	NA	656	NA	NA	NA	NA	NA	NA	NA	NA	4251	NA	NA	29600	94	13859	NA	5197	2062	4427	NA	4408
1976	76	1421	5282	24582	5723	NA	99	404	NA	157	263	253	700	NA	13078	NA	1500	100	NA	400	400	200	25	25	25	NA	NA	10307	4600	NA	13630	4925	NA	NA	NA	14120	2140	5315	3140	NA	719	NA	1300	NA	600	2500	505	1200	600	1836	NA	NA	27700	74	3371	NA	9807	1326	7999	NA	1980
1977	77	1732	12706	29497	11445	NA	204	456	4706	363	433	692	800	13688	29018	NA	1400	550	NA	950	500	150	60	75	100	NA	NA	13261	3675	NA	17240	19600	NA	NA	NA	9218	1475	5565	3804	NA	675	NA	3800	NA	1000	2100	732	3600	800	5195	NA	NA	36060	86	6930	7903	11478	3314	9492	NA	3922
1978	78	808	12034	17124	6835	NA	87	388	5344	308	553	1180	600	15485	22661	NA	2000	500	NA	1500	1000	100	50	50	50	NA	NA	15725	4305	NA	19200	16700	NA	NA	NA	13075	1232	7931	3304	NA	890	NA	2300	NA	1400	1900	1110	2200	1000	4555	NA	NA	25798	62	5363	5393	12059	2062	5872	NA	3543
1979	79	1284	17354	21617	12610	NA	134	327	2783	239	209	1282	400	11253	18488	NA	2000	50	NA	750	650	348	40	60	200	NA	NA	14985	2770	NA	10205	18275	NA	NA	NA	13306	1042	5903	9704	NA	1289	NA	2100	NA	1400	1700	870	3900	400	9381	NA	18797	28926	88	8023	5126	12205	7217	8040	NA	3613
1980	80	905	10862	39239	30573	NA	106	282	4909	445	344	578	600	13476	23429	NA	2000	1	NA	5000	345	373	100	100	200	NA	NA	16521	6255	NA	13625	8350	NA	NA	NA	20058	821	6460	7743	1821	1360	NA	964	6700	800	2200	1038	3200	200	11656	8906	13854	27708	56	16394	4106	5555	3680	10630	NA	3599
1981	81	702	8502	49559	36057	NA	154	536	3532	384	615	990	750	12625	24523	NA	3000	100	NA	3000	300	150	500	100	1000	5782	NA	12274	2975	NA	12202	13120	NA	NA	NA	8283	630	3368	3606	1549	721	NA	815	5963	1498	3100	988	4250	600	7577	14571	8639	19520	38	19297	6070	10752	4435	8724	NA	3864
1982	82	434	9475	23848	40488	NA	394	672	6528	571	1335	2270	1400	7959	17092	NA	750	950	NA	5000	70	125	100	100	1000	5034	NA	15010	5510	NA	15088	6850	NA	NA	NA	9910	773	4379	1840	479	885	NA	1126	7107	1553	4500	781	4150	610	5606	14322	6587	28313	73	8370	5513	5085	3415	10870	NA	5581
1983	83	592	10344	9794	6424	NA	245	366	5436	599	2279	2474	600	13252	23562	NA	1750	1400	NA	1000	475	50	400	300	500	4742	NA	24225	2641	NA	16604	9500	5396	NA	NA	8723	387	4549	3679	510	1332	NA	548	3069	1696	2500	1044	2750	800	5482	14131	6334	45567	40	13540	5491	4431	2136	4186	NA	2871
1984	84	1726	7238	20778	13995	NA	265	389	8876	1102	1966	1836	300	20967	37598	12408	750	575	NA	600	700	12	650	400	1500	5278	NA	30370	6380	NA	13595	15522	7581	120837	NA	12628	374	3762	3353	233	1252	NA	618	9128	1430	1900	958	4350	1128	21058	12537	13984	52266	164	7132	2779	20341	3461	11168	NA	4031
1985	85	1521	6127	35916	16037	NA	175	624	5721	956	2744	1878	1500	17782	53599	8304	1300	340	NA	1250	500	50	400	300	1200	3675	NA	43168	9477	NA	19099	20375	10539	174778	NA	16002	1409	4873	2908	703	949	NA	550	6145	978	1725	677	4150	1157	9537	19623	14505	74206	168	7491	7902	18670	6628	14822	NA	2838
1986	86	2067	11069	38111	14889	NA	255	1381	10273	1745	4946	2077	500	36523	59968	9109	7000	175	NA	1100	400	60	100	100	1000	2147	NA	48446	10275	NA	32505	22460	NA	162596	NA	17908	1277	4534	4792	396	1470	801	853	10006	1248	4981	925	7894	1795	13951	16878	14850	93051	124	11983	7467	10389	6748	14844	NA	4194
1987	87	1379	11141	28935	24632	NA	196	1537	9533	975	5221	2312	2000	19540	59120	23657	4500	700	NA	1750	100	20	100	100	500	2519	NA	48271	5049	NA	27646	22404	NA	79038	NA	9409	1321	4689	10338	429	2038	581	666	12352	1710	4006	598	6557	841	19023	16492	13415	126153	86	12935	9187	13560	4577	17603	NA	5281
1988	88	868	8717	44524	37554	NA	208	1100	8437	786	1486	1731	2000	15345	68705	22267	4000	375	NA	3275	500	125	70	65	400	6878	NA	41783	4003	NA	32066	29567	NA	35116	NA	11468	717	4513	7994	689	792	686	2599	15168	2605	4128	1765	9494	3106	27216	16840	13634	98220	1108	12059	9548	14889	7805	41746	NA	6965
1989	89	637	10119	40329	24282	NA	240	1034	5552	934	1331	3477	2800	28133	57202	17925	3000	48	NA	4181	780	500	40	30	450	5535	NA	31994	6126	NA	16200	24200	NA	74685	NA	6684	784	3138	11512	909	1011	775	2407	9951	4697	5148	2568	9324	2068	25599	10629	17484	83281	794	21199	6339	10389	4401	28279	NA	6046
1990	90	628	8609	52142	22619	NA	179	1295	2856	564	995	1824	2000	24051	55976	17406	3500	120	NA	1973	1100	300	50	10	200	5626	NA	41560	3225	NA	33747	25425	NA	177375	NA	16521	842	4209	7035	152	787	378	1483	13711	3886	4236	1780	10569	1567	16580	12165	13432	49020	268	17506	2864	5104	4313	26799	NA	5676
1991	91	889	11625	51645	23206	5897	134	780	3165	487	925	819	1900	6907	52753	9288	2000	125	NA	710	2767	1515	20	20	120	7408	NA	27296	3495	NA	28097	26250	NA	90638	NA	5824	1536	2783	10548	473	661	894	1188	6292	1078	1420	630	4795	1289	13432	7289	10191	40132	174	9066	5374	5557	5633	26100	NA	8473
1992	92	1595	5773	55889	34129	5284	99	1517	4223	346	581	653	2000	16808	63392	12437	7500	550	NA	800	2198	1463	10	80	600	10250	NA	33038	5937	NA	38011	32200	NA	130411	986	7348	639	2708	5267	601	790	642	1009	6342	1018	4003	375	4911	1813	13175	15840	7706	41434	434	6307	3668	9060	6044	26090	NA	12396
1993	93	952	13855	66125	58962	4472	266	2067	5160	389	1173	1090	1000	24814	66977	14059	8000	375	9887	2000	1750	578	10	20	250	7030	NA	32796	7870	NA	21385	13300	NA	118998	782	5801	719	3866	2476	684	245	775	1292	5254	1411	2280	713	3463	1254	11844	15633	12927	42515	350	7025	8809	5345	4342	10446	NA	6540
1994	94	1271	15863	48368	33094	6795	213	1115	3435	388	623	921	2000	21169	48712	12629	3500	300	8293	650	2330	380	100	150	250	6407	NA	51655	10696	NA	23657	25350	NA	98344	470	5549	773	3626	4078	163	888	332	974	4932	1699	3967	705	4233	1403	11817	2467	12292	66645	556	9939	9556	6486	10475	23570	NA	6265
1995	95	4330	24772	33805	16784	3790	147	669	3730	356	840	527	1500	7844	34390	7221	3000	100	5970	1626	594	525	99	266	600	16449	2300	45237	9670	10624	26371	20550	NA	28616	855	6877	775	3176	7939	520	930	750	1333	5532	1132	2202	625	3127	2070	9952	1275	10623	50595	794	9718	9304	5194	5164	26715	NA	8006
1996	96	1800	15922	79019	28949	4920	292	653	5639	422	851	894	3000	21842	73684	12776	2500	500	9440	3971	724	771	53	219	288	14595	1870	38398	20726	17777	43142	50900	NA	56808	1051	10613	1244	4851	6026	738	336	1227	1170	7316	1371	3022	776	4218	4462	16988	3960	9417	53049	2152	13971	10233	9211	7394	33051	NA	5944
1997	97	1878	12494	114938	26996	8100	362	571	2970	272	511	740	2500	18702	42539	5342	4000	920	11580	2638	2354	722	402	558	523	9973	1772	44373	9878	9612	40882	49250	NA	72277	1041	4872	1156	4292	7101	797	294	768	890	5405	1826	1773	540	2872	4460	16342	5801	10063	50215	1328	8670	20208	10026	3726	22305	NA	6306
1998	98	924	6833	31039	25968	3675	134	950	4132	391	364	446	3000	23213	46744	11065	3500	1780	21040	5297	3205	587	300	824	1430	5858	1800	37862	3003	1547	36750	68033	NA	188420	1086	14609	1544	6304	5963	527	697	1618	1599	6752	1287	4257	492	3859	2388	11476	7648	11225	42113	146	5929	15908	8245	5516	24708	1231	9269
1999	99	1461	14597	16786	19947	2271	304	1180	3914	492	968	968	3200	11544	43775	9763	500	2163	15780	4185	2399	1731	539	453	879	6110	2371	20740	8751	8130	25138	53204	NA	106995	471	4924	1098	4799	7135	989	778	1497	713	3334	928	1924	373	1918	1285	9196	3137	18588	43313	96	3184	7389	8063	4166	23963	1979	7952
2000	00	1785	7905	34997	27531	2035	138	1346	5872	801	914	914	3600	18912	51804	14722	4500	2130	6370	2572	212	1220	75	105	391	6638	1446	26773	11731	8183	25869	45161	27676	125854	1021	16930	1645	6092	4473	1526	347	612	989	3730	492	1749	248	3755	3135	8081	9091	20218	60988	128	9820	4985	6855	6787	15730	2591	6252
2001	01	562	6705	46644	63523	4517	149	2055	10541	1010	789	1032	3500	29687	81504	23839	3000	1998	6660	1450	107	389	139	409	237	5015	2448	31512	10607	8984	33980	74132	35788	113777	1856	13793	1349	8164	6473	2452	1269	768	1255	5136	1159	2560	548	3099	2860	8340	49379	48844	84652	646	13886	12817	11662	10563	38717	5402	7692
2002	02	1000	5569	55044	50875	4051	155	1708	6988	1013	867	1237	3000	13773	44771	23849	2800	2200	11087	2485	440	758	41	251	308	4115	1747	42408	16423	12885	34886	85132	54219	89968	1076	19591	1588	7220	7564	4030	637	443	1002	6067	2464	4415	738	2589	2598	10621	31829	86825	116858	900	16380	11907	18089	14054	41058	7621	11052
2003	03	2163	5904	36435	46824	5657	119	1160	5546	964	786	969	4000	26940	56758	23608	1000	900	12090	1749	768	762	379	358	440	3356	1672	45441	17137	14490	44451	70164	35591	247121	909	9777	988	5447	5864	3061	771	863	1219	7398	1228	1649	189	4979	1904	17808	33634	81543	161136	1090	18505	13413	10906	11149	58998	10158	13361
2004	04	756	7083	75032	48900	3422	135	2991	3963	798	734	1132	4500	15912	44243	25767	3000	950	16240	3658	2636	905	454	301	495	2721	550	31614	12156	10152	30980	53764	16963	128990	1622	23553	1506	10606	7947	1849	730	866	1093	3831	1786	3237	604	5105	5034	29461	22605	62311	149529	1590	15342	10197	9975	3902	40033	11384	10586
2005	05	610	4478	38599	39833	3366	143	1979	4742	924	926	1496	5000	14363	29067	15046	4500	1085	7040	2354	642	182	199	488	121	2467	1036	21458	3898	3248	18586	88329	17892	88580	1305	20803	1036	4484	2523	2167	726	203	876	6406	1193	4180	298	4557	2130	17040	11889	54033	111721	753	11348	14937	8114	6631	17618	3085	2002
2006	06	747	2323	42296	24405	3039	150	2124	5645	1330	1270	2248	NA	24725	33094	12368	3000	930	13700	3071	516	141	228	536	76	1775	2135	21699	6642	5087	20565	149928	59085	60422	1896	20768	1254	8308	5790	1539	1219	845	553	5642	904	1535	330	3051	2481	15955	10252	61821	76722	566	10522	14223	4711	4108	28082	2396	2801
2007	07	677	2827	14749	14560	1442	181	1736	5668	893	522	936	NA	21459	33352	15736	4500	500	8020	2764	353	133	162	193	234	2175	2267	11737	1407	1010	10536	85722	15926	76483	613	11281	607	3982	4301	1620	1968	462	502	3066	810	1556	352	878	652	11264	7351	28222	45652	251	3468	12721	4304	528	6764	2457	2098
2008	08	413	1885	26645	18352	2833	120	981	3104	1111	995	1093	NA	17862	32963	10374	5000	530	7850	2683	515	281	200	264	380	2015	2671	17181	6121	4411	15431	106539	14921	41603	1472	11664	1671	8373	5971	1584	941	431	949	3612	671	2849	305	2790	996	13570	17835	38171	74386	424	5200	6908	3810	1203	11119	2333	5081
2009	09	902	6239	29797	12803	4429	109	628	3157	611	476	659	NA	28710	38297	10703	3800	550	12180	3440	1800	780	214	550	80	785	1470	24150	911	538	20619	86443	25113	70141	983	6955	1001	2161	688	2197	793	103	464	3130	880	2081	495	4156	1133	7215	15402	44295	85759	783	5410	6429	4070	2905	14094	3014	12308
2010	10	166	9518	28769	15116	1815	158	1205	3835	1156	1405	1430	NA	19341	43331	13712	4000	225	11500	3560	3028	380	110	185	355	2419	2201	18029	6576	5243	18229	156657	71379	103515	1361	8037	783	4299	2092	2421	729	319	659	4635	828	2599	382	4022	3497	14531	27710	47220	166833	421	8701	9275	5384	4225	22197	6233	32318
2011	11	240	6668	27523	14480	2688	192	936	3195	853	569	671	NA	9639	37073	12105	4200	200	9760	3910	2020	220	100	300	260	2786	3937	12104	2235	2745	18528	127957	18874	123647	825	5536	1017	1880	993	1236	906	1275	600	3963	827	1293	373	3928	2563	18311	25919	44432	130276	835	8009	17117	7665	3638	30713	7550	16745
2012	12	322	2660	19429	22327	1744	155	587	956	444	793	725	NA	9815	34024	9363	3800	170	7397	2364	1003	163	141	223	138	2668	1063	11584	7314	5702	10180	47949	4091	44467	2774	13817	1534	5123	3091	1225	1674	401	731	3181	915	1937	764	3993	959	10341	29180	52184	131362	469	8143	17624	7515	4871	20018	5635	9300
2013	13	912	5044	18002	16735	1730	94	920	1135	468	987	1484	NA	9306	26699	10934	4000	500	16467	2081	8543	552	399	240	350	4590	593	17582	3157	3445	12573	130617	28797	42953	2010	10882	852	3244	2041	NA	2098	656	968	3901	750	1269	520	2403	2459	12153	16574	68380	371154	2118	15197	17266	16953	7364	23411	10704	5836